11  10  1  0  0  0
25  25  1000
 1  1  1  1  1  1  1  1  1  1  1  1  1  1  1  1  1  1  1  1  1  1  1 
 1  1  1  1  1  1  2  3  3  3  3  8  3  3  3  3  2  1  1  1  1  1  1 
 1  1  1  1  1  1  2  3  3  3  3  5  3  3  3  3  2  1  1  1  1  1  1 
 1  1  1  1  1  1  2  3  3  3  3  5  3  3  3  3  2  1  1  1  1  1  1 
 1  1  1  1  1  1  2  3  3  3  3  5  3  3  3  3  2  1  1  1  1  1  1 
 1  1  1  1  1  1  2  3  3  3  3  5  3  3  3  3  2  1  1  1  1  1  1 
 1  1  1  1  1  1  2  3  3  3  3  5  3  3  3  3  2  1  1  1  1  1  1 
 1  1  1  1  1  1  2  2  3  3  3  5  3  3  3  2  2  1  1  1  1  1  1 
 1  1  1  1  1  1  2  2  2  2  2  7  2  2  2  2  2  1  1  1  1  1  1 
 1  1  1  1  1  1  4  2  4  2  5  0  5  2  4  2  4  1  1  1  1  1  1 
 1  1  1  1  1  1  4  4  4  4  4  6  4  4  4  4  4  1  1  1  1  1  1 
 1  1  1  1  1  1  4  4  4  4  4  5  4  4  4  4  4  1  1  1  1  1  1 
 1  1  1  1  1  1  2  2  2  2  2  2  2  2  2  2  2  1  1  1  1  1  1 
 1  1  1  1  1  1  1  1  1  1  1  1  1  1  1  1  1  1  1  1  1  1  1 
 1  1  1  1  1  1  8  5  5  5  5  24  5  5  5  5  5  1  1  1  1  1  1 
 1  1  1  1  1  1  2  2  2  2  2  2  2  2  2  2  5  1  1  1  1  1  1 
 1  1  1  1  1  1  21  24  14  7  5  2  21  24  21  2  5  1  1  1  1  1  1 
 1  1  1  1  1  1  33  14  27  2  5  2  21  24  21  2  5  1  1  1  1  1  1 
 1  1  1  1  1  1  2  7  2  2  5  2  2  2  17  2  5  1  1  1  1  1  1 
 1  1  1  1  1  1  24  5  24  2  5  7  14  15  17  2  5  1  1  1  1  1  1 
 1  1  1  1  1  1  27  15  26  2  5  2  2  2  2  2  5  1  1  1  1  1  1 
 1  1  1  1  1  1  2  12  2  2  5  5  5  5  5  5  5  1  1  1  1  1  1 
 1  1  1  1  1  1  5  9  5  2  2  12  2  2  2  7  2  1  1  1  1  1  1 
 1  1  1  1  1  1  21  21  26  2  25  6  5  2  27  17  27  1  1  1  1  1  1 
 1  1  1  1  1  1  21  22  24  2  5  10  5  2  33  25  27  1  1  1  1  1  1 
 1  1  1  1  1  1  2  2  2  2  2  2  2  2  2  2  2  1  1  1  1  1  1 
 1  1  1  1  1  1  1  1  1  1  1  1  1  1  1  1  1  1  1  1  1  1  1 
 1  1  1  1  1  1  2  2  2  2  2  2  2  2  2  2  2  1  1  1  1  1  1 
 1  1  1  1  1  1  2  5  5  5  5  5  5  5  5  5  2  1  1  1  1  1  1 
 1  1  1  1  1  1  2  2  2  2  5  5  5  2  2  2  2  1  1  1  1  1  1 
 1  1  1  1  1  1  2  27  19  2  2  5  2  2  18  33  2  1  1  1  1  1  1 
 1  1  1  1  1  1  2  27  19  13  5  29  5  7  18  33  2  1  1  1  1  1  1 
 1  1  1  1  1  1  2  2  2  2  5  5  5  5  2  2  2  1  1  1  1  1  1 
 1  1  1  1  1  1  2  5  19  18  7  5  2  19  5  5  2  1  1  1  1  1  1 
 1  1  1  1  1  1  2  5  5  2  2  5  2  2  5  18  2  1  1  1  1  1  1 
 1  1  1  1  1  1  2  7  2  2  2  12  2  2  2  13  2  1  1  1  1  1  1 
 1  1  1  1  1  1  2  6  2  2  30  33  30  2  2  5  2  1  1  1  1  1  1 
 1  1  1  1  1  1  2  10  2  5  33  8  33  2  34  5  2  1  1  1  1  1  1 
 1  1  1  1  1  1  2  2  2  2  2  2  2  2  2  2  2  1  1  1  1  1  1 
 1  1  1  1  1  1  1  1  1  1  1  1  1  1  1  1  1  1  1  1  1  1  1 
 1  1  1  1  1  1  2  2  2  2  2  2  2  2  2  2  2  1  1  1  1  1  1 
 1  1  1  1  1  1  2  10  5  5  5  5  5  5  5  5  2  1  1  1  1  1  1 
 1  1  1  1  1  1  2  6  5  5  5  5  5  5  5  5  2  1  1  1  1  1  1 
 1  1  1  1  1  1  2  5  5  5  5  2  5  5  5  5  2  1  1  1  1  1  1 
 1  1  1  1  1  1  2  5  5  5  2  2  2  5  5  5  2  1  1  1  1  1  1 
 1  1  1  1  1  1  2  5  5  2  2  8  2  2  5  5  2  1  1  1  1  1  1 
 1  1  1  1  1  1  2  5  2  2  2  20  2  2  2  5  2  1  1  1  1  1  1 
 1  1  1  1  1  1  2  5  5  2  2  16  2  2  5  5  2  1  1  1  1  1  1 
 1  1  1  1  1  1  2  5  5  5  2  13  2  5  5  5  2  1  1  1  1  1  1 
 1  1  1  1  1  1  2  5  5  5  5  16  5  5  5  5  2  1  1  1  1  1  1 
 1  1  1  1  1  1  2  5  5  5  5  5  5  5  5  5  2  1  1  1  1  1  1 
 1  1  1  1  1  1  2  2  2  2  2  2  2  2  2  2  2  1  1  1  1  1  1 
 1  1  1  1  1  1  1  1  1  1  1  1  1  1  1  1  1  1  1  1  1  1  1 
 1  1  1  1  1  1  2  2  2  2  2  2  2  2  2  2  2  1  1  1  1  1  1 
 1  1  1  1  1  1  2  3  3  3  3  3  3  3  3  3  2  1  1  1  1  1  1 
 1  1  1  1  1  1  2  3  3  3  3  3  3  3  3  3  2  1  1  1  1  1  1 
 1  1  1  1  1  1  2  3  3  3  3  3  3  3  3  3  2  1  1  1  1  1  1 
 1  1  1  1  1  1  2  3  3  2  2  2  2  2  3  3  2  1  1  1  1  1  1 
 1  1  1  1  1  1  2  3  3  2  5  31  5  2  3  3  2  1  1  1  1  1  1 
 1  1  1  1  1  1  2  3  3  2  5  5  5  2  3  3  2  1  1  1  1  1  1 
 1  1  1  1  1  1  2  3  3  2  5  5  5  2  3  3  2  1  1  1  1  1  1 
 1  1  1  1  1  1  2  3  3  2  5  6  10  2  3  3  2  1  1  1  1  1  1 
 1  1  1  1  1  1  2  3  3  2  2  2  2  2  3  3  2  1  1  1  1  1  1 
 1  1  1  1  1  1  2  3  3  3  3  3  3  3  3  3  2  1  1  1  1  1  1 
 1  1  1  1  1  1  2  2  2  2  2  2  2  2  2  2  2  1  1  1  1  1  1 
